33333333333333
666666666666666
285714285714285
11111111111111
90909090909091
333333333333333
692307692307693
142857142857142
666666666666667
8823529411764705
555555555555555
263157894736842
7619047619047616
5454545454545456
3478260869565216
1666666666666664
8461538461538464
7037037037037035
571428571428571
4482758620689655
333333333333333
225806451612903
303030303030304
9411764705882353
857142857142857
7777777777777776
702702702702703
631578947368421
564102564102564
4390243902439025
3809523809523808
3255813953488372
2727272727272728
2222222222222223
1739130434782608
127659574468085
833333333333332
40816326530612
96078431372549
9230769230769232
8867924528301886
8518518518518517
818181818181818
7857142857142856
7543859649122806
7241379310344827
694915254237288
6666666666666666
639344262295082
6129032258064516
5873015873015872
5384615384615385
5151515151515152
4925373134328358
4705882352941176
4492753623188406
4285714285714285
4084507042253521
3888888888888888
36986301369863
3513513513513514
3333333333333334
3157894736842105
2987012987012988
282051282051282
2658227848101266
2345679012345678
2195121951219513
2048192771084338
1904761904761904
1764705882352941
1627906976744186
1494252873563218
1363636363636364
1235955056179775
1111111111111112
98901098901099
869565217391304
752688172043012
638297872340425
526315789473684
416666666666666
309278350515464
20408163265306
101010101010102
9900990099009901
980392156862745
9708737864077669
9615384615384616
9523809523809525
9433962264150943
9345794392523364
9259259259259259
9174311926605505
909090909090909
9009009009009009
8928571428571428
8849557522123894
8771929824561403
8695652173913044
8620689655172414
8547008547008548
847457627118644
8403361344537815
8333333333333333
8264462809917356
819672131147541
8130081300813009
8064516129032258
7936507936507936
7874015748031496
78125
7751937984496124
7692307692307693
7633587786259542
7575757575757576
7518796992481203
7462686567164179
7407407407407408
7352941176470588
72992700729927005
7246376811594203
7194244604316547
7142857142857143
70921985815602835
7042253521126761
6993006993006993
6944444444444444
6896551724137931
684931506849315
6802721088435374
6756756756756757
6711409395973154
6666666666666667
6622516556291391
6578947368421052
6535947712418301
6493506493506494
64516129032258064
641025641025641
6369426751592357
6329113924050633
6289308176100629
6211180124223602
6172839506172839
6134969325153374
6097560975609756
6060606060606061
6024096385542169
5988023952095809
5952380952380952
5917159763313609
58823529411764705
5847953216374269
5813953488372093
5780346820809248
5747126436781609
5714285714285714
5681818181818182
5649717514124294
56179775280898875
558659217877095
5555555555555556
55248618784530384
5494505494505495
546448087431694
5434782608695652
5405405405405406
5376344086021506
53475935828877
5319148936170213
5291005291005291
5263157894736842
5235602094240838
5208333333333333
51813471502590676
5154639175257732
5128205128205128
510204081632653
5076142131979695
5050505050505051
5025125628140704
4975124378109453
49504950495049506
49261083743842365
4901960784313725
4878048780487805
48543689320388345
4830917874396135
4807692307692308
4784688995215311
4761904761904762
4739336492890996
47169811320754715
4694835680751174
4672897196261682
4651162790697674
4629629629629629
4608294930875576
45871559633027525
45662100456621
4545454545454545
4524886877828055
45045045045045045
4484304932735426
4464285714285714
44444444444444444
4424778761061947
4405286343612335
43859649122807015
4366812227074236
4347826086956522
4329004329004329
4310344827586207
4291845493562232
4273504273504274
425531914893617
423728813559322
4219409282700422
4201680672268907
41841004184100415
4166666666666667
4149377593360996
4132231404958678
411522633744856
4098360655737705
4081632653061225
40650406504065045
4048582995951417
4032258064516129
4016064257028112
398406374501992
3968253968253968
3952569169960474
3937007874015748
392156862745098
390625
38910505836575876
3875968992248062
3861003861003861
38461538461538464
38314176245210726
3816793893129771
38022813688212928
3787878787878788
37735849056603774
37593984962406013
3745318352059925
37313432835820895
37174721189591076
3703703703703704
36900369003690036
3676470588235294
3663003663003663
36496350364963502
36363636363636364
36231884057971015
36101083032490976
35971223021582736
35842293906810036
35714285714285713
35587188612099642
35460992907801418
35335689045936395
35211267605633804
35087719298245615
34965034965034965
3484320557491289
3472222222222222
34602076124567475
34482758620689655
3436426116838488
3424657534246575
34129692832764505
3401360544217687
3389830508474576
33783783783783786
3367003367003367
3355704697986577
33444816053511705
33333333333333335
33222591362126247
33112582781456954
33003300330033004
3289473684210526
3278688524590164
32679738562091504
3257328990228013
3246753246753247
3236245954692557
32258064516129032
3215434083601286
3205128205128205
3194888178913738
31847133757961785
31746031746031746
31645569620253164
31545741324921135
31446540880503146
3134796238244514
3115264797507788
3105590062111801
30959752321981426
30864197530864196
3076923076923077
3067484662576687
30581039755351682
3048780487804878
303951367781155
30303030303030303
30211480362537764
30120481927710845
3003003003003003
29940119760479044
29850746268656717
2976190476190476
2967359050445104
29585798816568047
29498525073746312
29411764705882353
2932551319648094
29239766081871343
29154518950437317
29069767441860465
2898550724637681
2890173410404624
2881844380403458
28735632183908046
28653295128939827
2857142857142857
2849002849002849
2840909090909091
28328611898017
2824858757062147
28169014084507044
28089887640449437
28011204481792717
2793296089385475
2785515320334262
2777777777777778
2770083102493075
27624309392265192
27548209366391185
27472527472527475
27397260273972603
273224043715847
27247956403269754
2717391304347826
27100271002710027
2702702702702703
26954177897574125
2688172043010753
2680965147453083
267379679144385
26666666666666666
26595744680851063
2652519893899204
26455026455026454
2638522427440633
2631578947368421
26246719160104987
2617801047120419
26109660574412533
26041666666666665
25974025974025974
25906735751295338
2583979328165375
2577319587628866
2570694087403599
2564102564102564
25575447570332483
2551020408163265
2544529262086514
25380710659898475
2531645569620253
25252525252525255
25188916876574307
2512562814070352
2506265664160401
24937655860349127
24875621890547263
24813895781637717
24752475247524753
24691358024691358
24630541871921183
2457002457002457
24509803921568627
24449877750611247
24390243902439024
24330900243309003
24271844660194173
2421307506053269
24154589371980675
24096385542168677
2403846153846154
2398081534772182
23923444976076554
2386634844868735
2380952380952381
23752969121140144
2369668246445498
2364066193853428
23584905660377358
2352941176470588
2347417840375587
234192037470726
2336448598130841
2331002331002331
2325581395348837
2320185614849188
23148148148148147
23094688221709007
2304147465437788
22988505747126436
22935779816513763
2288329519450801
228310502283105
2277904328018223
22727272727272726
22675736961451248
22624434389140274
2257336343115124
22522522522522522
22471910112359553
2242152466367713
22371364653243847
2232142857142857
22271714922048997
22222222222222222
22172949002217295
22123893805309734
2207505518763797
22026431718061676
2197802197802198
21929824561403508
2188183807439825
2183406113537118
2178649237472767
2173913043478261
21691973969631237
21645021645021645
21598272138228943
21551724137931034
2150537634408602
2145922746781116
21413276231263384
2136752136752137
21321961620469083
2127659574468085
21231422505307855
211864406779661
21141649048625794
2109704641350211
2105263157894737
21008403361344537
20964360587002098
20920502092050207
20876826722338203
20833333333333333
2079002079002079
2074688796680498
2070393374741201
2066115702479339
2061855670103093
205761316872428
2053388090349076
20491803278688526
2044989775051125
20408163265306124
2036659877800407
20325203252032522
2028397565922921
20242914979757085
202020202020202
20161290322580645
2012072434607646
2008032128514056
2004008016032064
1996007984031936
199203187250996
19880715705765406
1984126984126984
19801980198019802
1976284584980237
19723865877712033
1968503937007874
19646365422396855
196078431372549
19569471624266144
1953125
1949317738791423
19455252918287938
1941747572815534
1937984496124031
19342359767891683
19305019305019305
19267822736030828
19230769230769232
19193857965451055
19157088122605363
19120458891013384
19083969465648854
19047619047619048
19011406844106464
18975332068311196
1893939393939394
1890359168241966
18867924528301887
18832391713747645
18796992481203006
1876172607879925
18726591760299626
1869158878504673
18656716417910447
186219739292365
18587360594795538
18552875695732839
1851851851851852
18484288354898336
18450184501845018
1841620626151013
1838235294117647
1834862385321101
18315018315018315
18281535648994515
18248175182481751
18214936247723133
18181818181818182
18148820326678765
18115942028985507
18083182640144665
18050541516245488
18018018018018018
17985611510791368
17953321364452424
17921146953405018
17889087656529517
17857142857142857
17825311942959
17793594306049821
17761989342806395
17730496453900709
17699115044247787
17667844522968198
1763668430335097
17605633802816902
17574692442882249
17543859649122807
17513134851138354
17482517482517483
17452006980802793
17421602787456446
17391304347826088
1736111111111111
17331022530329288
17301038062283738
17271157167530224
17241379310344827
17211703958691911
1718213058419244
17152658662092624
17123287671232876
17094017094017094
17064846416382253
17035775127768314
17006802721088435
1697792869269949
1694915254237288
1692047377326565
16891891891891893
16863406408094434
16835016835016834
16806722689075631
16778523489932886
16750418760469012
16722408026755853
1669449081803005
16666666666666668
16638935108153079
16611295681063123
1658374792703151
16556291390728477
1652892561983471
16501650165016502
16474464579901153
1644736842105263
16420361247947454
1639344262295082
16366612111292963
16339869281045752
16313213703099511
16286644951140066
16260162601626016
16233766233766235
16207455429497568
16181229773462784
16155088852988692
16129032258064516
1610305958132045
1607717041800643
16051364365971107
16025641025641025
1597444089456869
1594896331738437
15923566878980893
1589825119236884
15873015873015873
1584786053882726
15822784810126582
1579778830963665
15772870662460567
15748031496062992
15723270440251573
15698587127158557
1567398119122257
1564945226917058
15625
15600624024961
1557632398753894
15552099533437014
15527950310559005
15503875968992248
15479876160990713
15455950540958269
15432098765432098
15408320493066256
15384615384615385
15360983102918587
15337423312883436
15313935681470138
15290519877675841
15267175572519084
1524390243902439
15220700152207
1519756838905775
15174506828528073
15151515151515152
15128593040847202
15105740181268882
15082956259426848
15060240963855422
15037593984962407
15015015015015015
14992503748125937
14970059880239522
14947683109118087
14925373134328358
14903129657228018
1488095238095238
14858841010401188
1483679525222552
14814814814814814
14792899408284023
14771048744460858
14749262536873156
14727540500736377
14705882352941176
14684287812041115
1466275659824047
14641288433382138
14619883040935672
145985401459854
14577259475218659
1455604075691412
14534883720930232
1451378809869376
14492753623188406
1447178002894356
1445086705202312
1443001443001443
1440922190201729
14388489208633094
14367816091954023
14347202295552368
14326647564469914
1430615164520744
14285714285714286
14265335235378032
14245014245014246
1422475106685633
14204545454545455
14184397163120568
141643059490085
14144271570014145
14124293785310734
14104372355430183
14084507042253522
14064697609001407
14044943820224719
1402524544179523
14005602240896359
13986013986013986
13966480446927375
1394700139470014
1392757660167131
13908205841446453
1388888888888889
13869625520110957
13850415512465374
13831258644536654
13812154696132596
1379310344827586
13774104683195593
1375515818431912
13736263736263737
13717421124828531
13698630136986301
13679890560875513
1366120218579235
1364256480218281
13623978201634877
13605442176870747
1358695652173913
13568521031207597
13550135501355014
13531799729364006
13513513513513514
1349527665317139
13477088948787063
13458950201884253
13440860215053765
13422818791946308
13404825737265416
13386880856760374
1336898395721925
13351134846461949
13333333333333333
13315579227696406
13297872340425532
13280212483399733
1326259946949602
13245033112582781
13227513227513227
1321003963011889
13192612137203166
13175230566534915
13157894736842105
1314060446780552
13123359580052493
1310615989515072
13089005235602095
130718954248366
13054830287206266
1303780964797914
13020833333333333
13003901170351106
12987012987012987
12970168612191958
12953367875647669
129366106080207
12919896640826874
12903225806451613
1288659793814433
1287001287001287
12853470437017994
12836970474967907
1282051282051282
12804097311139564
12787723785166241
1277139208173691
12755102040816326
12738853503184713
1272264631043257
12706480304955528
12690355329949238
12674271229404308
12658227848101266
12642225031605564
12626262626262627
12610340479192938
12594458438287153
12578616352201257
1256281407035176
12547051442910915
12531328320802004
12515644555694619
12484394506866417
12468827930174563
12453300124533001
12437810945273632
12422360248447205
12406947890818859
12391573729863693
12376237623762376
12360939431396785
12345679012345679
12330456226880395
12315270935960591
12300123001230013
12285012285012285
1226993865030675
12254901960784314
12239902080783353
12224938875305623
1221001221001221
12195121951219512
1218026796589525
12165450121654502
1215066828675577
12135922330097086
12121212121212121
12106537530266344
12091898428053204
12077294685990338
12062726176115801
12048192771084338
12033694344163659
1201923076923077
12004801920768306
1199040767386091
11976047904191617
11961722488038277
11947431302270011
11933174224343676
11918951132300357
11904761904761906
11890606420927466
11876484560570072
11862396204033216
1184834123222749
1183431952662722
1182033096926714
11806375442739079
11792452830188679
1177856301531213
1176470588235294
11750881316098707
11737089201877935
11723329425556857
117096018735363
11695906432748538
11682242990654205
11668611435239206
11655011655011655
11641443538998836
11627906976744186
11614401858304297
1160092807424594
11587485515643105
11574074074074073
11560693641618498
11547344110854503
11534025374855825
1152073732718894
11507479861910242
11494252873563218
1148105625717566
11467889908256881
1145475372279496
11441647597254005
1142857142857143
1141552511415525
11402508551881414
11389521640091116
11376564277588168
11363636363636363
11350737797956867
11337868480725624
11325028312570782
11312217194570137
11299435028248588
1128668171557562
11273957158962795
11261261261261261
11248593925759281
11235955056179776
1122334455667789
11210762331838565
11198208286674132
11185682326621924
11173184357541898
11160714285714285
11148272017837235
11135857461024498
11123470522803114
11111111111111111
11098779134295228
11086474501108647
11074197120708748
11061946902654867
11049723756906078
11037527593818985
11025358324145535
11013215859030838
11001100110011
1098901098901099
10976948408342481
10964912280701754
1095290251916758
10940919037199124
1092896174863388
1091703056768559
10905125408942203
10893246187363835
1088139281828074
10869565217391304
10857763300760044
10845986984815619
10834236186348862
10822510822510823
1081081081081081
10799136069114472
10787486515641855
10775862068965517
1076426264800861
1075268817204301
10741138560687433
1072961373390558
10718113612004287
10706638115631692
10695187165775401
10683760683760685
10672358591248667
10660980810234541
10649627263045794
10638297872340426
10626992561105207
10615711252653928
10604453870625664
1059322033898305
10582010582010583
10570824524312897
10559662090813093
10548523206751054
1053740779768177
10526315789473684
10515247108307045
10504201680672268
1049317943336831
10482180293501049
10471204188481676
10460251046025104
10449320794148381
10438413361169101
10427528675703858
10416666666666667
1040582726326743
10395010395010396
10384215991692627
1037344398340249
10362694300518134
10351966873706005
1034126163391934
10330578512396695
10319917440660474
10309278350515464
10298661174047373
102880658436214
10277492291880781
1026694045174538
10256410256410256
10245901639344263
10235414534288639
10224948875255625
10214504596527069
10204081632653062
10193679918450561
10183299389002036
1017293997965412
10162601626016261
10152284263959391
10141987829614604
10131712259371835
10121457489878543
10111223458038423
101010101010101
10090817356205853
10080645161290322
10070493454179255
1006036217303823
10050251256281408
1004016064257028
10030090270812437
1002004008016032
1001001001001001
